.npmrc
  s_5de23ca1c08ccc::t_af2039606f7643 1
package-lock.json
  s_5de23ca1c08ccc::t_eb28e13dc847ef 35,52,67,77,106-140,143,160,173,188-197,200,220-229,232,248-257,260,275-299,302,312,326,340,358,371,381,399,417,431,441,451,461,476,490,506,523,539,555,572,590,607,620,636,652,669,685,703,721,737,753,770,787,808,825,842,859,875,892,908,925,941,957,974,992,1008,1024,1040,1056,1073,1090,1109,1126,1143,1159,1175,1191,1211,1228,1244,1261,1277,1294,1312,1328,1344,1361,1377,1393,1410,1426,1442,1458,1474,1491,1508,1525,1609-1618,1621,1636,1646,1661,1678-1702,1705,1719,1729,1740,1751,1761,1772,1779,1790,1799,1815-1817,1821,1825-1827,1842-1844,1859-1861,1876-1878,1893-1895,1910-1912,1927-1929,1944-1946,1961-1963,1978-1980,1995-1997,2012-2014,2029-2031,2046-2048,2063-2065,2080-2082,2097-2099,2114-2116,2131-2133,2148-2150,2165-2167,2182-2184,2199-2201,2216-2218,2233-2235,2250-2252,2267-2269,2284-2286,2301-2303,2318-2320,2335-2337,2352-2354,2369-2371,2386-2388,2404,2411,2438,2463,2485,2508,2531,2545,2559,2573,2587,2601,2615,2629,2643,2657,2671,2685,2699,2713,2727,2741,2755,2769,2783,2797,2811,2825,2839,2853,2867,2881,2897,2904,2914,2924,2931,2938,2944,2953,2983,2996,3009,3026,3036,3052,3069,3075,3097,3104,3114,3124,3140,3153-3162,3165,3179,3192,3202,3215,3224,3248,3261,3295,3304,3310,3317,3326,3345,3358,3374,3395,3412,3425,3440,3453,3460,3467,3477,3502,3514,3523,3529-3531,3534,3539,3552,3558,3575,3592,3607,3617,3624,3642,3660,3677-3679,3682,3687,3697,3715,3733,3742,3752,3762,3768,3780,3794,3803,3809,3824-3826,3832,3839,3848,3917,3936,3945,3954,3966,3982,4003,4013,4019,4026,4036,4049,4058,4104,4111,4117-4119,4135,4153,4163,4170,4180,4193,4211,4227,4244,4253,4262,4278,4293,4302,4326,4336,4346,4356,4366,4390,4397,4410,4428,4453,4470,4482,4489,4502,4512,4525,4541,4553,4569,4581,4601,4613,4620,4626,4641,4650,4668,4688,4704,4721,4734,4750,4768,4785,4801,4817,4827,4847,4860,4867,4880,4897,4907,4926,4936,4949,4965,4978,4995,5013,5029,5042,5058,5075,5082,5089,5105,5123,5130,5143,5150,5163,5176,5186,5206-5210,5214,5225,5235,5244,5254,5284,5305,5326,5347,5368,5389,5410,5431,5452,5473,5494,5515,5522,5528,5534,5540,5546,5552,5558,5564,5574,5584,5593,5602,5608,5617,5626,5638,5647,5659,5675,5685,5731,5741,5761-5766,5769,5778,5788-5805,5807,5811-5816,5819,5838,5847,5857,5866,5878,5888,5909,5921,5939-5941,5951,5954-5972,5989,5996,6005,6015,6022,6039,6049,6055,6062,6075,6085,6114,6127,6140,6149,6165,6174,6189,6198,6210,6232,6246-6258,6261,6284,6291,6304,6325,6343,6350,6363,6373,6383,6404-6406,6410,6420-6434,6439,6485,6495,6515,6535,6552,6570,6576,6581-6583,6587-6589,6594,6616-6619,6624,6634,6649,6655,6673,6689,6704,6710,6723,6733,6746,6765,6781,6799,6818,6824,6837,6847,6857,6867,6878,6888,6897,6906,6920,6935,6963,6986,7005,7023,7038,7051,7061,7077,7090,7100,7119,7138,7155,7164,7176,7186,7193,7206,7219,7234,7254,7276,7297,7316,7326,7340,7350,7360,7373,7383,7392,7403,7434,7443,7452,7530,7559-7583,7586,7595,7608,7624,7644,7672,7691,7713,7724,7734,7783,7796,7806,7813,7824,7837,7847,7859,7869,7884,7894,7904,7915,7922,7933,7951,7961,7968,7987
---
{
  "schema_version": "authorship/3.0.0",
  "git_ai_version": "1.7.0",
  "base_commit_sha": "4f735bda382304da5a21404d2c5d0d3e18bf15a1",
  "prompts": {},
  "humans": {
    "h_80c9974143c35b": {
      "author": "divyansh.chaudhary <your-personal@email.com>"
    }
  },
  "sessions": {
    "s_5de23ca1c08ccc": {
      "agent_id": {
        "tool": "cursor",
        "id": "8f194660-bf5e-45b0-a846-f2c5cb8de874",
        "model": "grok-4.5"
      },
      "human_author": "divyansh.chaudhary <your-personal@email.com>"
    }
  }
}